0 8 7
0 9 13
0 10 40
0 11 87
0 15 12
0 16 43
0 17 12
0 21 60
0 23 75
0 24 89
0 27 51
0 30 35
0 31 47
0 32 41
0 34 40
0 40 71
0 43 77
0 44 90
0 46 12
0 53 47
0 54 48
0 62 60
0 66 39
0 68 93
0 70 7
0 71 20
0 76 91
0 78 80
0 81 70
0 83 16
0 90 25
0 94 4
0 95 55
0 98 10
1 6 45
1 9 34
1 13 68
1 20 24
1 24 5
1 25 66
1 29 20
1 30 0
1 33 84
1 36 68
1 37 22
1 40 21
1 42 24
1 44 82
1 45 70
1 51 37
1 52 77
1 56 28
1 59 95
1 65 80
1 66 80
1 77 19
1 78 91
1 81 10
1 91 45
2 1 64
2 3 25
2 5 92
2 6 47
2 15 20
2 16 89
2 23 73
2 37 60
2 39 44
2 43 3
2 45 6
2 48 47
2 51 18
2 54 33
2 56 74
2 62 60
2 64 92
2 68 90
2 71 36
2 76 13
2 82 78
2 87 30
2 92 2
2 93 3
2 98 43
3 4 21
3 5 59
3 8 47
3 12 96
3 23 83
3 26 75
3 29 13
3 33 19
3 37 13
3 41 45
3 43 64
3 44 5
3 46 13
3 55 73
3 56 91
3 57 86
3 61 93
3 62 51
3 64 20
3 65 34
3 72 30
3 73 28
3 76 15
3 78 93
3 84 0
3 86 40
3 91 13
3 93 94
3 97 69
3 98 7
4 18 50
4 26 7
4 30 70
4 31 64
4 32 63
4 34 40
4 35 83
4 38 98
4 41 0
4 45 58
4 50 31
4 54 49
4 71 45
4 77 82
4 82 47
4 85 49
4 92 79
4 93 58
4 96 11
4 98 98
4 99 26
5 1 99
5 6 99
5 8 44
5 9 57
5 13 4
5 14 59
5 15 95
5 18 49
5 24 42
5 31 10
5 32 41
5 39 45
5 43 61
5 55 43
5 56 11
5 61 73
5 64 46
5 68 75
5 69 97
5 70 50
5 71 13
5 73 1
5 74 62
5 79 10
5 80 52
5 81 88
5 82 71
5 83 8
5 85 12
5 98 25
5 99 71
6 3 50
6 7 12
6 8 81
6 9 7
6 11 93
6 14 60
6 16 3
6 17 19
6 18 37
6 24 75
6 28 53
6 30 89
6 37 53
6 38 37
6 48 38
6 56 31
6 66 41
6 67 10
6 69 16
6 72 55
6 89 71
6 93 75
6 98 5
7 8 90
7 9 63
7 10 50
7 12 8
7 14 78
7 17 90
7 20 91
7 24 61
7 29 10
7 30 68
7 32 42
7 34 19
7 38 66
7 44 4
7 46 11
7 52 33
7 55 74
7 62 40
7 63 21
7 66 14
7 67 5
7 76 43
7 82 22
7 85 50
7 89 38
7 97 83
8 1 77
8 4 77
8 10 20
8 11 78
8 17 61
8 23 58
8 26 87
8 29 99
8 33 93
8 37 25
8 40 2
8 41 12
8 47 96
8 49 45
8 53 2
8 54 72
8 55 68
8 57 41
8 58 67
8 59 6
8 63 1
8 68 72
8 70 42
8 73 80
8 81 43
8 83 82
8 90 7
8 92 49
9 3 28
9 11 64
9 18 27
9 27 71
9 30 27
9 31 7
9 35 4
9 40 57
9 43 42
9 44 33
9 45 92
9 51 95
9 55 1
9 61 37
9 66 11
9 69 0
9 70 51
9 74 28
9 78 53
9 88 9
9 90 40
10 3 52
10 4 56
10 6 51
10 9 67
10 13 76
10 16 50
10 20 95
10 21 18
10 24 60
10 26 77
10 27 47
10 28 29
10 36 62
10 38 46
10 39 60
10 44 79
10 52 29
10 56 87
10 58 26
10 59 83
10 64 65
10 67 25
10 70 19
10 71 33
10 72 87
10 73 73
10 74 40
10 78 71
10 86 55
10 87 15
10 93 12
10 95 50
10 99 31
11 1 47
11 2 95
11 3 33
11 4 61
11 16 42
11 18 10
11 19 94
11 21 28
11 25 65
11 36 83
11 38 14
11 42 55
11 43 19
11 45 27
11 50 66
11 51 51
11 52 81
11 53 10
11 55 71
11 60 50
11 62 85
11 68 23
11 69 58
11 71 59
11 74 21
11 79 33
11 80 96
11 81 68
11 87 22
11 95 70
12 2 31
12 5 42
12 19 50
12 22 29
12 25 14
12 26 36
12 28 45
12 30 73
12 33 58
12 36 15
12 37 22
12 45 67
12 50 70
12 51 16
12 56 90
12 64 36
12 66 55
12 70 53
12 74 31
12 77 37
12 80 83
12 93 45
12 94 94
12 96 79
12 99 87
13 2 86
13 3 49
13 9 7
13 11 87
13 15 70
13 18 91
13 19 52
13 23 91
13 24 54
13 27 8
13 32 82
13 38 51
13 39 76
13 42 69
13 43 79
13 51 6
13 52 87
13 57 23
13 60 16
13 63 39
13 68 43
13 71 20
13 72 35
13 75 23
13 78 64
13 80 11
13 87 34
13 91 55
13 97 4
14 3 83
14 8 11
14 10 1
14 11 11
14 13 22
14 16 65
14 20 0
14 22 90
14 27 90
14 28 53
14 30 9
14 33 49
14 34 97
14 40 18
14 41 7
14 58 78
14 64 37
14 65 50
14 71 43
14 75 63
14 82 86
14 85 86
14 87 17
14 89 98
14 90 79
14 93 60
14 95 90
14 97 55
14 98 62
15 1 71
15 7 78
15 12 10
15 14 0
15 19 98
15 28 23
15 34 55
15 36 4
15 42 45
15 43 78
15 47 22
15 52 67
15 55 52
15 61 74
15 72 94
15 80 25
15 81 73
15 88 3
16 17 73
16 20 89
16 21 20
16 29 13
16 40 0
16 41 54
16 45 97
16 50 97
16 53 73
16 55 92
16 56 66
16 59 79
16 60 78
16 62 29
16 66 14
16 72 37
16 75 68
16 77 78
16 83 37
16 88 86
17 2 48
17 3 88
17 4 21
17 11 90
17 13 85
17 14 55
17 22 12
17 25 45
17 26 54
17 27 31
17 28 51
17 35 87
17 37 49
17 39 82
17 42 18
17 45 31
17 53 72
17 54 39
17 55 77
17 61 59
17 63 14
17 64 0
17 66 31
17 67 54
17 68 94
17 71 46
17 75 72
17 77 71
17 78 84
17 87 63
17 90 48
17 91 61
17 93 36
17 96 68
17 99 38
18 8 96
18 10 95
18 14 64
18 20 54
18 31 63
18 34 19
18 36 89
18 37 59
18 40 90
18 42 90
18 45 18
18 47 20
18 58 26
18 60 26
18 64 49
18 65 53
18 69 38
18 70 72
18 77 53
18 80 13
18 85 24
18 93 42
18 96 23
19 5 85
19 6 45
19 7 57
19 10 84
19 23 67
19 24 25
19 26 75
19 27 70
19 28 76
19 31 75
19 38 61
19 40 24
19 46 50
19 52 0
19 55 16
19 66 71
19 68 75
19 71 8
19 72 77
19 76 54
19 86 22
19 88 93
19 92 59
19 93 92
19 97 59
19 98 63
20 4 16
20 5 25
20 13 29
20 25 1
20 26 74
20 30 62
20 32 1
20 37 46
20 38 79
20 40 53
20 48 18
20 50 34
20 52 95
20 61 53
20 72 19
20 73 3
20 75 54
20 78 13
20 79 56
20 89 75
20 91 86
20 99 79
21 2 45
21 8 91
21 9 17
21 13 90
21 26 43
21 27 9
21 29 73
21 32 12
21 34 97
21 36 21
21 41 51
21 42 66
21 44 14
21 46 41
21 47 87
21 54 33
21 62 99
21 63 23
21 66 39
21 70 31
21 80 44
21 87 11
21 96 78
21 97 72
22 2 54
22 5 77
22 6 74
22 8 25
22 9 20
22 16 12
22 18 79
22 23 82
22 25 54
22 26 12
22 29 46
22 31 79
22 32 53
22 36 18
22 38 23
22 52 13
22 53 72
22 56 53
22 59 74
22 66 78
22 75 22
22 76 2
22 77 88
22 78 39
22 81 33
22 84 75
22 85 20
22 87 92
22 93 78
22 95 93
22 99 43
23 7 17
23 9 38
23 18 53
23 20 50
23 21 35
23 25 69
23 26 8
23 32 93
23 35 84
23 36 21
23 37 5
23 48 93
23 53 87
23 56 42
23 60 43
23 63 34
23 70 36
23 88 91
23 96 26
23 97 9
24 8 44
24 9 95
24 21 55
24 26 29
24 33 47
24 34 25
24 35 31
24 43 34
24 50 61
24 53 36
24 56 87
24 60 63
24 61 79
24 64 31
24 65 42
24 78 1
24 83 34
24 87 57
24 90 39
24 96 4
25 4 17
25 5 36
25 7 90
25 8 85
25 9 32
25 13 87
25 30 44
25 32 48
25 33 51
25 36 0
25 37 33
25 42 42
25 43 63
25 44 26
25 51 42
25 54 7
25 56 91
25 58 64
25 59 75
25 62 86
25 67 15
25 68 86
25 69 74
25 73 13
25 74 42
25 94 97
25 95 13
25 97 47
25 99 64
26 2 86
26 5 80
26 30 63
26 31 82
26 33 25
26 37 47
26 38 6
26 39 76
26 42 52
26 55 58
26 58 16
26 59 27
26 60 81
26 61 86
26 64 55
26 66 85
26 78 95
26 84 47
26 85 65
26 87 70
26 88 14
26 89 14
26 92 43
26 97 41
27 4 20
27 5 78
27 7 17
27 8 26
27 11 0
27 18 25
27 42 64
27 43 12
27 45 49
27 51 56
27 54 2
27 61 9
27 62 54
27 63 79
27 65 41
27 75 69
27 85 84
27 89 61
27 91 2
28 1 69
28 2 83
28 3 24
28 7 23
28 13 73
28 21 38
28 22 59
28 24 55
28 26 48
28 27 70
28 30 81
28 33 33
28 34 10
28 37 46
28 44 94
28 53 80
28 54 19
28 63 76
28 70 31
28 73 61
28 74 18
28 78 53
28 81 90
28 89 29
28 95 32
29 2 17
29 5 14
29 10 97
29 11 74
29 15 21
29 18 36
29 23 47
29 24 43
29 25 62
29 31 75
29 32 19
29 35 71
29 36 7
29 38 10
29 41 77
29 45 89
29 46 2
29 54 99
29 56 17
29 65 12
29 66 27
29 70 94
29 78 80
29 79 1
29 87 32
29 89 70
29 90 73
29 97 2
29 99 32
30 3 19
30 5 33
30 11 77
30 19 18
30 23 69
30 32 46
30 37 66
30 39 85
30 42 40
30 48 70
30 52 83
30 54 42
30 62 29
30 63 6
30 64 43
30 67 41
30 69 71
30 70 40
30 72 89
30 75 44
30 85 81
30 88 42
30 97 82
30 99 80
31 11 87
31 16 44
31 21 92
31 25 77
31 34 75
31 36 61
31 38 0
31 53 32
31 55 19
31 58 45
31 66 74
31 70 99
31 75 88
31 76 21
31 78 11
31 81 53
31 92 73
32 1 67
32 9 56
32 12 83
32 16 59
32 18 12
32 19 33
32 26 69
32 36 23
32 49 31
32 56 76
32 57 73
32 59 63
32 61 56
32 65 72
32 72 5
32 73 61
32 80 5
32 83 40
32 85 55
32 86 2
32 89 84
32 97 64
33 5 58
33 7 37
33 15 9
33 17 86
33 49 30
33 51 2
33 52 13
33 54 16
33 55 85
33 56 70
33 57 83
33 61 93
33 67 80
33 71 4
33 74 25
33 75 65
33 82 36
33 83 17
33 88 83
33 89 79
33 91 65
33 94 8
33 95 36
33 98 50
34 2 58
34 3 39
34 17 49
34 19 25
34 20 50
34 26 62
34 29 94
34 30 62
34 32 66
34 35 66
34 38 13
34 40 36
34 42 29
34 44 68
34 45 14
34 47 73
34 48 64
34 50 47
34 57 37
34 61 24
34 63 2
34 66 18
34 68 62
34 72 84
34 76 39
34 78 14
34 89 74
34 97 88
35 1 31
35 2 0
35 3 48
35 5 32
35 8 82
35 10 22
35 11 31
35 13 95
35 15 78
35 16 28
35 21 39
35 26 42
35 32 64
35 38 1
35 46 90
35 47 54
35 48 38
35 51 33
35 55 40
35 56 58
35 64 92
35 65 57
35 66 93
35 70 80
35 71 17
35 73 85
35 75 2
35 78 44
35 80 1
35 82 82
35 85 26
35 86 96
35 92 25
36 3 16
36 4 59
36 8 18
36 9 71
36 16 17
36 26 91
36 33 95
36 46 26
36 49 59
36 50 60
36 52 5
36 53 84
36 61 15
36 62 19
36 64 27
36 67 46
36 71 34
36 74 36
36 79 59
36 91 23
36 93 92
36 94 63
36 95 21
36 96 33
37 4 78
37 9 49
37 10 54
37 11 25
37 21 96
37 22 39
37 29 60
37 31 29
37 33 88
37 39 26
37 40 56
37 41 7
37 44 37
37 46 78
37 47 3
37 52 55
37 58 8
37 59 28
37 60 29
37 63 5
37 66 51
37 72 21
37 76 15
37 78 4
37 84 35
37 85 73
37 91 84
37 93 98
37 96 55
38 5 0
38 8 75
38 12 26
38 16 29
38 17 40
38 23 3
38 25 70
38 27 37
38 28 91
38 30 70
38 36 0
38 37 39
38 43 71
38 45 74
38 47 23
38 48 6
38 49 19
38 51 97
38 54 25
38 55 50
38 57 75
38 60 80
38 69 96
38 74 30
38 79 99
38 85 6
38 91 6
38 92 19
38 94 56
39 1 85
39 7 13
39 9 55
39 12 39
39 14 2
39 18 7
39 20 89
39 24 2
39 27 61
39 32 49
39 36 96
39 44 40
39 46 16
39 49 66
39 58 86
39 60 9
39 63 20
39 70 75
39 78 83
39 79 18
39 80 83
39 82 32
39 84 50
39 90 94
39 95 68
39 96 81
39 99 43
40 7 97
40 10 88
40 17 78
40 32 30
40 36 11
40 44 35
40 47 80
40 48 71
40 50 89
40 54 62
40 55 25
40 57 71
40 63 60
40 66 14
40 73 94
40 78 1
40 80 54
40 82 16
40 83 87
40 85 32
40 93 16
40 99 54
41 1 2
41 10 73
41 12 60
41 19 39
41 20 44
41 26 0
41 28 72
41 30 23
41 32 0
41 35 27
41 38 71
41 39 81
41 43 49
41 46 69
41 47 33
41 48 84
41 49 2
41 51 96
41 54 41
41 55 43
41 60 0
41 61 78
41 64 64
41 67 32
41 78 21
41 80 26
41 82 43
41 88 92
41 90 62
41 95 6
42 3 97
42 9 89
42 12 66
42 22 19
42 28 72
42 33 71
42 39 64
42 45 47
42 46 93
42 48 19
42 51 81
42 55 22
42 57 26
42 63 5
42 68 55
42 72 28
42 74 35
42 78 69
42 79 65
42 80 94
42 85 59
42 88 37
42 90 88
42 96 67
42 99 64
43 1 33
43 4 69
43 6 45
43 8 1
43 14 63
43 16 61
43 21 28
43 22 19
43 32 47
43 35 81
43 40 70
43 49 62
43 51 85
43 56 1
43 58 27
43 61 34
43 67 18
43 73 71
43 79 7
43 81 73
43 83 45
43 84 32
43 87 18
43 89 35
43 90 7
43 94 75
43 95 0
43 99 59
44 2 33
44 5 45
44 6 57
44 11 99
44 15 84
44 16 64
44 17 46
44 18 63
44 20 44
44 22 86
44 23 41
44 24 42
44 27 74
44 41 12
44 42 53
44 46 79
44 54 20
44 55 96
44 58 6
44 59 66
44 72 27
44 73 39
44 74 75
44 76 5
44 77 51
44 79 19
44 81 48
44 85 8
44 86 28
44 96 93
44 97 94
44 99 62
45 13 85
45 14 66
45 19 21
45 20 74
45 22 0
45 25 80
45 28 22
45 30 42
45 35 89
45 36 14
45 40 13
45 41 91
45 44 56
45 58 47
45 60 65
45 63 53
45 64 12
45 76 62
45 82 65
45 84 25
45 87 2
45 96 5
46 2 85
46 6 56
46 11 72
46 12 94
46 20 14
46 32 22
46 45 18
46 54 99
46 57 61
46 59 3
46 61 46
46 62 17
46 64 91
46 65 52
46 67 79
46 72 50
46 79 5
46 83 65
46 86 45
46 88 57
46 91 70
46 93 81
46 95 3
46 96 26
46 98 45
47 1 59
47 2 33
47 3 50
47 5 19
47 9 40
47 13 82
47 17 77
47 20 10
47 24 76
47 26 93
47 42 35
47 45 67
47 46 9
47 49 4
47 53 24
47 60 61
47 64 62
47 67 69
47 68 32
47 72 54
47 76 93
47 77 4
47 78 89
47 82 2
47 84 32
47 85 60
47 86 26
47 88 57
47 89 92
47 92 1
48 3 40
48 8 74
48 19 14
48 25 15
48 26 79
48 28 98
48 29 97
48 32 25
48 33 47
48 43 93
48 44 25
48 53 92
48 54 91
48 55 51
48 57 62
48 61 1
48 64 58
48 65 93
48 68 32
48 75 72
48 76 48
48 82 91
48 87 18
48 97 67
49 3 3
49 4 93
49 9 96
49 11 14
49 22 43
49 24 85
49 25 97
49 26 88
49 27 2
49 34 40
49 45 16
49 46 62
49 48 36
49 53 94
49 56 19
49 61 98
49 62 63
49 64 19
49 72 69
49 74 83
49 93 14
49 95 3
49 97 5
49 98 3
50 10 3
50 13 66
50 14 80
50 15 73
50 19 73
50 27 37
50 30 73
50 37 16
50 38 15
50 41 4
50 43 79
50 44 87
50 47 90
50 51 80
50 64 31
50 65 19
50 67 80
50 68 2
50 70 8
50 71 38
50 72 82
50 75 24
50 82 83
50 86 57
50 90 92
50 96 48
50 98 94
51 6 76
51 8 95
51 14 15
51 15 48
51 17 89
51 21 20
51 24 96
51 29 54
51 34 18
51 36 82
51 40 53
51 45 41
51 46 11
51 47 0
51 49 60
51 53 55
51 59 91
51 60 28
51 61 30
51 66 90
51 67 94
51 78 58
51 79 29
51 84 7
51 85 43
51 87 45
51 93 92
52 2 63
52 8 34
52 12 51
52 17 43
52 18 28
52 21 85
52 28 24
52 34 2
52 39 73
52 48 19
52 49 53
52 53 34
52 56 47
52 57 93
52 61 25
52 64 58
52 65 87
52 73 60
52 76 55
52 86 32
52 87 72
52 98 3
52 99 49
53 3 80
53 5 35
53 6 65
53 7 8
53 19 64
53 20 79
53 26 9
53 27 57
53 33 29
53 37 30
53 38 82
53 39 16
53 40 12
53 43 5
53 58 53
53 63 63
53 67 69
53 81 51
53 90 33
53 95 69
53 96 12
53 97 30
53 99 9
54 1 16
54 5 25
54 6 17
54 7 92
54 10 96
54 11 98
54 12 25
54 15 97
54 20 16
54 22 33
54 23 80
54 35 64
54 37 22
54 43 56
54 45 34
54 47 65
54 49 18
54 53 19
54 55 80
54 65 99
54 68 11
54 69 5
54 79 11
54 80 88
54 93 77
54 96 15
54 98 15
54 99 23
55 1 18
55 10 67
55 13 15
55 18 46
55 20 44
55 22 53
55 23 54
55 25 77
55 27 58
55 39 6
55 46 18
55 47 50
55 60 63
55 67 47
55 69 12
55 70 75
55 74 43
55 81 28
55 85 60
55 91 5
55 92 35
55 96 44
55 99 38
56 4 2
56 14 15
56 19 39
56 20 5
56 30 98
56 36 2
56 40 61
56 46 60
56 47 97
56 48 6
56 53 43
56 54 98
56 60 84
56 65 29
56 75 99
56 77 58
56 80 40
56 83 31
56 84 85
56 85 35
56 95 71
56 97 92
57 10 71
57 11 36
57 12 94
57 14 72
57 15 13
57 17 55
57 20 26
57 22 81
57 23 1
57 25 27
57 36 88
57 43 62
57 50 13
57 58 64
57 67 23
57 69 6
57 72 18
57 78 42
57 79 43
57 80 58
57 83 23
57 84 84
57 88 31
58 1 98
58 3 79
58 6 78
58 13 86
58 15 57
58 16 31
58 17 73
58 27 62
58 32 44
58 33 48
58 35 58
58 42 37
58 46 93
58 47 46
58 49 29
58 50 89
58 55 0
58 60 21
58 61 91
58 63 35
58 76 34
58 77 61
58 78 35
58 83 35
58 84 32
58 86 23
58 92 13
58 94 65
58 98 50
58 99 0
59 3 20
59 6 99
59 9 49
59 17 60
59 18 93
59 23 37
59 27 97
59 33 51
59 35 71
59 39 65
59 40 59
59 53 39
59 54 9
59 56 96
59 60 42
59 70 76
59 71 38
59 81 16
59 93 8
59 97 82
60 9 11
60 19 9
60 27 72
60 29 91
60 31 82
60 32 74
60 33 25
60 35 68
60 36 18
60 42 51
60 48 82
60 50 5
60 57 71
60 65 96
60 77 12
60 79 71
60 84 11
60 86 95
60 87 67
60 88 58
60 92 45
60 94 50
61 1 17
61 7 3
61 8 81
61 13 20
61 18 11
61 21 87
61 23 48
61 25 69
61 28 21
61 31 92
61 39 22
61 42 84
61 44 68
61 50 24
61 53 77
61 55 8
61 60 30
61 71 36
61 74 0
61 76 38
61 77 1
61 80 79
61 81 72
61 82 62
61 85 56
61 86 99
61 89 1
62 4 14
62 9 35
62 14 39
62 23 28
62 24 87
62 26 33
62 28 14
62 31 99
62 34 67
62 35 43
62 38 6
62 39 5
62 41 71
62 44 58
62 48 16
62 52 24
62 53 22
62 56 97
62 59 48
62 64 41
62 68 41
62 70 64
62 75 36
62 77 91
62 81 8
62 84 81
62 86 70
62 89 43
63 5 5
63 6 53
63 9 53
63 11 58
63 14 60
63 18 20
63 29 91
63 46 91
63 50 79
63 52 61
63 56 12
63 62 42
63 65 46
63 69 3
63 71 34
63 74 33
63 76 10
63 84 45
63 92 10
63 93 46
64 1 33
64 6 61
64 25 62
64 34 69
64 40 9
64 51 82
64 54 99
64 55 92
64 56 31
64 61 44
64 76 65
64 78 44
64 87 97
64 90 79
64 92 64
64 97 42
65 2 51
65 5 0
65 6 13
65 8 54
65 12 57
65 15 19
65 17 22
65 22 58
65 28 18
65 30 39
65 31 78
65 34 62
65 36 41
65 37 40
65 39 49
65 41 75
65 44 7
65 51 74
65 59 38
65 67 69
65 70 44
65 72 7
65 74 14
65 78 26
65 89 53
65 95 99
66 3 56
66 13 84
66 20 43
66 25 77
66 28 93
66 39 6
66 41 53
66 43 33
66 47 50
66 55 81
66 56 59
66 62 0
66 79 96
66 89 84
66 90 53
66 95 23
66 96 55
66 98 42
67 2 86
67 3 72
67 5 6
67 15 95
67 19 51
67 23 41
67 26 58
67 28 62
67 34 47
67 37 30
67 38 92
67 42 13
67 45 76
67 52 78
67 56 16
67 68 46
67 72 45
67 74 96
67 83 52
67 84 97
67 97 13
68 1 68
68 3 50
68 6 49
68 10 48
68 12 99
68 16 41
68 20 55
68 22 77
68 27 11
68 32 53
68 33 96
68 36 64
68 37 76
68 43 4
68 46 87
68 56 21
68 57 86
68 58 40
68 60 11
68 64 48
68 72 48
68 81 6
68 83 2
68 84 46
68 88 28
68 96 53
68 97 94
68 99 72
69 7 21
69 10 48
69 12 91
69 15 63
69 17 37
69 20 72
69 34 9
69 36 56
69 37 14
69 40 90
69 41 99
69 42 93
69 44 79
69 52 35
69 58 93
69 59 27
69 62 54
69 64 64
69 74 54
69 79 89
69 82 53
69 85 44
69 93 93
69 96 81
69 99 61
70 1 48
70 2 68
70 11 25
70 13 55
70 15 50
70 17 69
70 22 61
70 26 5
70 34 42
70 41 92
70 43 15
70 47 27
70 57 13
70 58 62
70 60 47
70 63 11
70 64 98
70 71 41
70 81 56
70 84 22
70 96 5
70 99 12
71 3 27
71 6 44
71 9 58
71 12 0
71 26 75
71 27 5
71 34 7
71 39 94
71 41 72
71 45 5
71 48 69
71 49 83
71 51 60
71 55 13
71 58 32
71 60 58
71 64 11
71 69 39
71 72 53
71 74 1
71 76 97
71 82 80
71 83 76
71 85 15
71 86 49
71 88 64
71 89 46
72 2 32
72 8 4
72 9 57
72 29 8
72 31 13
72 36 44
72 38 55
72 52 85
72 54 53
72 55 83
72 69 92
72 81 68
72 86 48
72 88 87
72 92 84
72 95 14
73 1 80
73 6 43
73 11 43
73 12 63
73 14 89
73 22 53
73 23 50
73 24 62
73 26 41
73 27 53
73 29 54
73 31 10
73 33 56
73 41 58
73 45 75
73 49 37
73 55 84
73 58 20
73 59 52
73 67 28
73 72 64
73 76 30
73 81 67
73 92 33
73 94 6
74 3 29
74 13 84
74 16 48
74 18 62
74 21 17
74 24 41
74 27 78
74 29 18
74 31 85
74 34 77
74 37 82
74 39 75
74 41 21
74 52 1
74 53 32
74 54 5
74 57 43
74 58 62
74 62 34
74 66 85
74 68 35
74 80 56
74 90 0
74 91 73
74 95 40
74 96 95
75 4 92
75 8 82
75 11 66
75 18 28
75 21 51
75 24 10
75 28 17
75 29 70
75 34 99
75 37 61
75 40 89
75 43 53
75 52 54
75 55 21
75 60 12
75 63 26
75 64 1
75 65 99
75 69 78
75 70 61
75 71 24
75 79 39
75 84 75
75 86 72
75 92 73
75 97 47
76 1 38
76 4 89
76 6 87
76 9 36
76 11 12
76 15 29
76 17 33
76 24 90
76 25 62
76 27 22
76 28 7
76 33 14
76 36 27
76 42 58
76 46 88
76 54 44
76 55 65
76 62 36
76 65 21
76 66 69
76 69 99
76 70 96
76 72 41
76 77 29
76 87 88
76 94 30
77 6 53
77 10 57
77 19 42
77 21 0
77 27 30
77 30 97
77 33 60
77 42 21
77 46 5
77 49 68
77 52 4
77 65 84
77 67 22
77 70 28
77 72 67
77 84 36
77 86 64
77 88 24
77 89 28
77 91 79
77 96 84
78 5 87
78 8 0
78 14 42
78 15 52
78 18 11
78 30 34
78 38 73
78 54 62
78 55 73
78 56 10
78 59 16
78 61 60
78 62 31
78 66 14
78 67 53
78 71 46
78 79 67
78 80 58
78 82 7
78 89 23
78 92 98
78 93 28
79 10 38
79 12 44
79 14 45
79 16 58
79 17 31
79 21 71
79 23 46
79 25 30
79 30 14
79 45 34
79 52 83
79 70 18
79 73 91
79 76 6
79 86 18
79 87 26
79 88 98
79 99 99
80 6 88
80 14 6
80 16 95
80 24 41
80 26 96
80 29 80
80 33 56
80 47 69
80 48 38
80 51 54
80 52 68
80 55 96
80 59 45
80 62 16
80 66 60
80 69 51
80 70 68
80 73 45
80 75 99
80 83 39
80 88 12
80 96 98
80 98 0
81 2 55
81 4 94
81 12 75
81 17 7
81 25 36
81 29 59
81 30 25
81 37 99
81 39 93
81 42 5
81 45 71
81 47 78
81 49 15
81 51 12
81 54 81
81 57 89
81 58 90
81 69 65
81 80 6
81 83 64
81 90 73
81 94 89
82 3 80
82 12 38
82 19 38
82 24 1
82 25 38
82 28 72
82 30 1
82 31 80
82 34 45
82 38 91
82 44 43
82 46 39
82 49 27
82 52 17
82 54 54
82 55 96
82 56 4
82 57 92
82 59 27
82 70 69
82 76 29
82 79 51
82 80 63
82 81 71
82 85 67
82 87 16
82 90 38
82 99 48
83 1 64
83 2 91
83 3 57
83 4 42
83 7 17
83 9 79
83 10 10
83 12 29
83 15 43
83 17 82
83 18 13
83 19 4
83 26 65
83 30 60
83 50 97
83 51 35
83 53 26
83 54 54
83 59 91
83 63 19
83 64 83
83 65 8
83 75 58
83 76 3
83 77 37
83 89 28
83 92 52
83 99 94
84 1 76
84 5 21
84 6 84
84 10 4
84 19 18
84 28 80
84 31 13
84 35 9
84 44 65
84 50 77
84 53 42
84 54 11
84 55 70
84 59 68
84 66 54
84 72 4
84 74 68
84 76 70
84 82 89
84 87 56
84 93 92
84 95 82
84 97 40
84 98 16
84 99 63
85 9 69
85 15 82
85 20 39
85 23 53
85 24 33
85 31 75
85 33 23
85 43 91
85 46 44
85 48 73
85 53 20
85 59 87
85 62 32
85 63 92
85 74 57
85 75 89
85 76 46
85 78 18
85 83 23
85 86 90
85 95 36
85 99 65
86 2 86
86 13 13
86 14 71
86 15 72
86 16 13
86 20 10
86 29 5
86 30 80
86 37 97
86 43 58
86 51 49
86 55 70
86 63 57
86 64 30
86 66 92
86 74 15
86 78 37
86 80 11
86 83 40
86 93 56
87 3 0
87 6 18
87 7 56
87 16 40
87 19 78
87 20 94
87 25 87
87 27 32
87 28 82
87 31 75
87 34 28
87 40 73
87 42 92
87 44 76
87 49 93
87 58 98
87 62 30
87 70 30
87 72 30
87 73 52
87 74 8
87 77 6
87 78 73
87 80 34
87 83 14
87 95 92
88 8 32
88 13 81
88 14 37
88 22 22
88 24 54
88 25 26
88 27 25
88 29 33
88 31 22
88 36 54
88 44 97
88 50 39
88 53 84
88 56 46
88 58 15
88 59 28
88 70 25
88 74 99
88 75 89
88 78 44
88 81 25
88 82 98
88 83 12
88 84 69
88 92 67
88 95 51
88 99 17
89 2 85
89 3 89
89 10 59
89 11 45
89 15 24
89 16 84
89 21 37
89 25 89
89 30 87
89 35 50
89 39 51
89 46 85
89 50 79
89 51 10
89 56 28
89 58 97
89 73 95
89 79 13
89 88 0
89 90 98
89 99 87
90 10 42
90 26 50
90 30 38
90 33 59
90 45 43
90 47 9
90 49 38
90 51 44
90 54 62
90 56 98
90 61 54
90 63 61
90 65 96
90 69 5
90 76 62
90 78 12
90 83 17
90 84 70
90 86 52
90 88 18
90 91 80
90 94 70
90 96 87
90 97 36
90 99 34
91 8 78
91 10 22
91 11 20
91 14 97
91 15 7
91 19 83
91 23 87
91 24 1
91 26 95
91 29 30
91 32 76
91 42 71
91 43 43
91 48 68
91 53 65
91 54 64
91 56 37
91 61 81
91 73 45
91 80 48
91 82 7
91 83 58
91 85 10
91 87 67
91 89 61
91 92 79
91 96 15
91 99 80
92 1 64
92 3 8
92 6 52
92 10 44
92 12 7
92 14 49
92 18 49
92 21 85
92 22 23
92 24 67
92 27 96
92 28 88
92 33 25
92 36 81
92 37 31
92 40 24
92 41 15
92 43 75
92 54 82
92 68 25
92 70 67
92 81 18
92 93 0
93 23 15
93 25 70
93 26 68
93 30 64
93 31 42
93 32 45
93 34 53
93 38 86
93 41 37
93 42 56
93 47 78
93 64 7
93 70 29
93 81 48
93 82 77
93 83 69
93 85 73
93 89 39
93 95 25
93 96 79
93 97 97
94 1 89
94 3 39
94 8 44
94 11 67
94 14 85
94 19 70
94 20 38
94 22 0
94 28 16
94 40 47
94 41 4
94 42 58
94 45 10
94 47 72
94 54 60
94 55 85
94 56 51
94 61 50
94 63 27
94 64 32
94 65 7
94 74 0
94 84 46
94 86 46
94 89 53
94 97 38
94 99 50
95 4 17
95 6 59
95 8 10
95 12 2
95 15 90
95 16 59
95 17 13
95 19 51
95 20 89
95 23 86
95 26 49
95 27 12
95 31 83
95 32 66
95 34 46
95 35 84
95 37 21
95 42 82
95 50 31
95 52 45
95 60 78
95 69 94
95 78 42
95 79 46
95 82 25
95 89 88
95 90 91
95 91 11
95 92 20
95 98 1
96 2 20
96 3 7
96 5 53
96 6 93
96 7 20
96 8 62
96 14 63
96 15 98
96 20 2
96 22 0
96 26 60
96 27 26
96 33 17
96 40 14
96 49 32
96 57 22
96 58 54
96 64 48
96 65 71
96 76 14
96 81 80
96 85 98
96 86 35
96 87 51
96 89 98
96 94 71
96 97 0
97 2 8
97 4 9
97 5 79
97 8 82
97 15 60
97 17 80
97 22 76
97 35 73
97 37 55
97 40 98
97 41 23
97 45 54
97 51 59
97 52 7
97 54 28
97 55 40
97 58 16
97 60 25
97 62 19
97 63 16
97 66 51
97 72 4
97 78 20
97 91 58
97 99 79
98 1 35
98 7 69
98 10 45
98 11 22
98 16 77
98 20 7
98 23 25
98 24 19
98 26 96
98 29 58
98 32 98
98 38 23
98 39 29
98 41 5
98 43 56
98 48 1
98 61 97
98 62 82
98 64 65
98 67 21
98 68 18
98 76 81
98 77 43
98 78 81
98 81 97
98 83 3
98 90 67