0 3 75
0 4 29
0 5 36
0 8 60
0 10 6
0 11 8
0 13 64
0 16 19
0 18 57
0 23 47
0 31 31
0 32 51
0 33 36
1 14 76
1 18 92
1 20 12
1 23 50
1 25 81
2 1 5
2 7 69
2 8 53
2 10 55
2 14 82
2 20 51
2 23 43
2 26 71
2 27 33
2 29 53
2 31 80
2 32 10
3 2 64
3 5 33
3 7 40
3 9 11
3 16 98
3 19 18
3 20 71
3 26 39
4 1 50
4 6 9
4 15 47
4 16 44
4 17 76
4 22 21
4 24 33
4 27 74
4 34 57
5 1 66
5 4 60
5 18 46
5 21 85
5 22 30
5 28 54
5 30 67
6 5 3
6 13 67
6 15 71
6 17 91
6 23 29
6 28 43
7 4 55
7 16 9
7 21 48
8 3 24
8 4 19
8 6 60
8 11 74
8 15 42
8 20 0
8 26 13
8 29 87
8 31 40
8 34 47
9 1 96
9 6 81
9 8 11
9 10 76
9 11 57
9 13 39
9 14 25
9 30 84
9 34 68
10 3 11
10 4 12
10 12 64
10 13 25
10 15 78
10 17 73
10 18 25
10 20 18
10 22 45
10 23 64
10 24 81
10 32 10
11 1 9
11 2 5
11 4 71
11 5 91
11 7 44
11 12 5
11 16 65
11 20 77
11 24 54
11 30 89
11 32 4
12 1 97
12 2 5
12 5 34
12 15 82
12 17 25
12 19 57
12 21 58
13 5 12
13 7 5
13 8 11
13 11 30
13 15 7
13 21 11
13 23 88
13 24 20
13 26 64
13 30 2
13 32 32
13 33 87
13 34 12
14 3 99
14 4 51
14 5 56
14 12 17
14 13 96
14 21 12
14 23 91
14 25 46
14 27 14
14 31 5
14 32 99
14 34 23
15 2 14
15 3 62
15 5 10
15 7 17
15 9 82
15 19 33
15 21 88
15 27 31
15 31 60
16 1 64
16 2 66
16 9 53
16 14 3
16 22 53
16 24 70
16 30 8
16 33 2
16 34 99
17 3 17
17 16 54
17 21 58
17 29 46
18 7 80
18 8 71
18 9 91
18 12 69
18 13 19
18 22 72
18 29 1
18 34 26
19 5 99
19 6 7
19 14 35
19 29 82
19 32 66
19 33 88
20 7 24
20 14 93
20 16 32
20 19 86
20 21 53
20 23 72
20 29 80
21 1 52
21 3 15
21 8 28
21 10 52
21 16 73
21 23 29
21 25 38
21 27 37
21 30 86
21 34 37
22 2 6
22 3 70
22 8 80
22 9 0
22 12 93
22 15 54
22 19 46
22 21 51
22 30 74
22 33 76
23 3 84
23 4 95
23 5 86
23 9 7
23 12 48
23 15 87
23 24 66
23 28 26
23 31 83
24 1 85
24 5 53
24 6 37
24 7 32
24 8 89
24 14 7
24 29 13
24 32 72
25 6 45
25 7 93
25 8 1
25 9 1
25 11 18
25 13 42
25 16 45
25 17 13
25 26 67
25 31 42
25 34 63
26 5 17
26 7 40
26 15 9
26 16 8
26 19 15
26 21 12
26 23 77
26 27 4
26 29 63
26 30 99
26 31 16
26 32 69
26 33 29
27 3 38
27 9 12
27 12 45
27 19 95
27 20 39
28 2 16
28 3 94
28 8 40
28 9 57
28 11 64
28 13 5
28 14 70
28 19 80
28 20 75
29 3 46
29 6 36
29 10 85
29 11 36
29 15 91
29 16 79
29 21 44
30 1 26
30 3 31
30 4 51
30 7 85
30 12 49
30 14 10
30 18 8
30 25 93
30 28 46
31 4 14
31 9 49
31 11 81
31 24 77
31 32 83
32 5 27
32 6 4
32 7 88
32 15 58
32 17 82
32 18 57
32 23 34
32 27 86
32 29 73
32 30 39
32 33 21
32 34 73
33 3 79
33 4 60
33 6 77
33 10 22
33 21 39
33 23 40
33 27 63
33 30 3
33 34 72
