0 1 68
0 2 44
0 5 59
0 6 24
0 12 99
0 16 12
0 24 2
0 25 84
0 27 11
0 41 82
0 42 25
0 43 86
0 45 97
0 47 18
0 48 88
0 49 92
1 6 99
1 7 22
1 8 89
1 15 50
1 24 15
1 26 58
1 31 35
1 34 83
1 35 14
1 36 60
1 44 70
2 1 92
2 7 65
2 19 14
2 21 63
2 31 23
2 35 22
2 37 14
2 41 90
2 45 54
2 46 51
3 2 90
3 4 71
3 10 10
3 11 34
3 16 58
3 19 62
3 25 87
3 26 20
3 28 58
3 31 3
3 34 61
3 41 96
3 42 24
3 43 88
3 45 21
3 48 78
4 5 14
4 8 84
4 10 28
4 13 9
4 22 0
4 24 4
4 25 63
4 30 28
4 35 77
4 36 67
4 38 79
4 47 88
5 2 50
5 3 4
5 12 23
5 15 54
5 16 7
5 30 75
5 41 80
5 44 91
5 46 77
5 49 75
6 3 45
6 4 77
6 13 99
6 17 90
6 18 91
6 23 12
6 28 93
6 34 49
6 35 22
6 41 29
6 49 26
7 4 0
7 6 77
7 8 37
7 16 16
7 17 94
7 18 14
7 22 69
7 32 46
7 34 44
7 35 97
7 42 88
7 47 33
7 49 23
8 2 91
8 3 23
8 11 19
8 18 5
8 25 70
8 27 76
8 31 40
8 35 80
8 38 43
8 39 49
8 40 33
8 42 67
8 43 95
8 47 71
8 48 47
9 1 4
9 3 18
9 6 4
9 10 44
9 15 47
9 21 1
9 23 6
9 26 37
9 29 47
9 30 50
9 31 5
9 32 27
9 33 58
9 35 97
9 37 12
9 39 21
9 48 88
9 49 25
10 2 11
10 8 10
10 17 62
10 19 47
10 27 83
10 29 71
10 30 40
10 33 38
10 37 91
10 49 85
11 1 48
11 4 40
11 9 26
11 10 24
11 14 5
11 18 44
11 21 84
11 22 58
11 26 56
11 27 29
11 29 57
11 34 37
11 41 25
11 46 46
12 1 95
12 3 98
12 7 80
12 9 62
12 10 44
12 18 92
12 23 94
12 35 33
12 39 56
12 45 36
12 47 10
13 29 0
13 31 96
13 32 35
13 34 81
13 39 26
13 41 35
13 42 77
13 45 89
14 2 19
14 4 55
14 16 7
14 17 56
14 19 81
14 20 24
14 24 19
14 25 96
14 28 48
14 29 53
14 32 45
14 37 6
14 40 86
14 42 15
14 44 94
14 45 52
15 8 29
15 10 26
15 14 73
15 16 23
15 21 28
15 22 37
15 26 82
15 35 21
15 36 80
15 37 93
15 38 50
15 39 5
15 42 78
15 43 61
15 46 98
15 47 52
15 48 15
15 49 69
16 1 63
16 2 80
16 4 44
16 12 96
16 23 78
16 25 40
16 30 68
16 35 90
16 47 2
17 5 91
17 12 64
17 13 14
17 15 23
17 16 48
17 21 25
17 22 32
17 24 36
17 29 73
17 31 70
17 32 46
17 34 62
17 36 66
17 37 24
17 42 20
18 2 82
18 3 9
18 5 6
18 9 26
18 10 36
18 17 96
18 22 69
18 23 69
18 24 42
18 27 90
18 29 62
18 30 45
18 33 53
18 34 26
18 35 54
18 39 25
18 41 99
19 1 68
19 5 42
19 7 23
19 9 52
19 13 49
19 18 7
19 21 61
19 26 40
19 27 1
19 35 50
19 41 52
20 2 61
20 7 23
20 19 63
20 22 45
20 23 45
20 24 37
20 28 95
20 30 65
20 37 12
20 39 52
20 40 81
20 48 53
21 5 75
21 6 82
21 10 35
21 14 97
21 23 91
21 24 34
21 25 68
21 36 41
21 40 7
21 42 41
21 44 60
21 45 14
21 48 55
21 49 70
22 1 46
22 3 10
22 8 23
22 12 47
22 16 9
22 23 70
22 24 28
22 30 38
22 36 82
22 38 98
22 48 73
23 1 56
23 2 73
23 4 90
23 5 76
23 7 21
23 13 70
23 19 48
23 25 42
23 26 40
23 27 34
23 33 23
23 34 8
23 44 46
23 46 22
24 2 50
24 6 16
24 10 5
24 11 31
24 13 39
24 15 31
24 19 65
24 26 15
24 28 34
24 31 8
24 32 71
24 34 55
24 40 92
24 41 9
24 42 60
24 48 93
25 6 41
25 7 9
25 12 52
25 13 71
25 15 94
25 17 50
25 18 75
25 20 17
25 27 75
25 29 39
25 31 68
25 32 76
25 33 68
25 37 52
25 40 76
25 41 91
26 12 93
26 13 97
26 14 37
26 20 11
26 27 31
26 28 16
26 30 56
26 31 33
26 37 85
26 45 31
26 48 52
27 3 75
27 5 55
27 13 86
27 16 41
27 17 63
27 20 62
27 21 16
27 22 99
27 24 98
27 30 44
27 34 48
27 35 86
27 36 57
27 39 81
27 40 46
27 42 89
27 48 48
28 7 30
28 9 99
28 15 81
28 16 4
28 18 37
28 21 69
28 27 5
28 29 59
28 34 97
28 35 43
28 37 69
28 38 53
28 39 43
28 45 80
29 6 91
29 12 93
29 22 42
29 27 2
29 35 4
29 43 84
29 45 7
29 48 72
30 1 86
30 3 70
30 11 24
30 14 20
30 15 33
30 19 51
30 21 78
30 25 55
30 28 12
30 36 47
30 37 76
30 39 98
30 43 86
30 45 49
31 6 14
31 10 34
31 14 93
31 20 75
31 32 90
31 33 42
31 44 98
31 46 79
31 47 49
31 49 87
32 1 41
32 3 74
32 5 45
32 8 36
32 10 7
32 11 6
32 15 22
32 20 36
32 21 29
32 22 6
32 23 23
32 27 81
32 29 30
32 30 50
32 35 70
33 3 42
33 4 33
33 8 8
33 12 91
33 14 23
33 22 12
33 24 69
33 30 12
33 37 43
33 47 41
34 10 73
34 14 40
34 22 78
34 25 75
34 29 6
34 31 38
34 42 72
34 47 8
34 49 62
35 5 5
35 20 98
35 21 44
35 23 2
35 34 46
35 36 84
35 40 23
35 42 2
35 45 80
35 49 78
36 8 91
36 13 63
36 18 58
36 20 35
36 24 36
36 25 76
36 29 33
36 31 51
36 32 62
36 33 0
36 43 88
37 1 64
37 3 41
37 18 99
37 24 26
37 29 83
37 36 70
37 46 91
37 48 43
38 2 68
38 9 16
38 11 0
38 12 69
38 21 63
38 24 48
38 29 3
38 33 12
38 36 8
38 39 90
38 44 31
38 47 43
38 48 25
39 4 5
39 5 90
39 6 37
39 11 39
39 17 57
39 24 35
39 26 12
39 29 90
39 32 98
39 36 35
39 37 53
39 41 77
39 48 68
40 1 77
40 2 33
40 13 86
40 15 85
40 22 41
40 23 86
40 26 89
40 29 15
40 30 45
40 36 33
40 37 39
40 38 19
40 43 95
40 44 14
40 48 12
41 14 32
41 15 1
41 17 4
41 20 33
41 21 60
41 31 18
41 33 96
41 35 44
41 40 83
41 48 8
42 6 8
42 11 49
42 18 58
42 20 90
42 23 52
42 26 82
43 4 23
43 5 72
43 11 95
43 12 45
43 16 30
43 17 61
43 21 90
43 22 32
43 23 99
43 28 24
43 39 37
44 2 34
44 6 96
44 12 58
44 19 79
44 22 88
44 25 74
44 33 99
44 36 36
44 39 46
44 48 15
44 49 27
45 7 17
45 8 23
45 17 92
45 24 63
45 32 83
45 34 66
45 39 48
45 40 72
45 44 20
45 47 23
45 48 58
46 7 87
46 8 55
46 10 90
46 12 15
46 13 6
46 16 36
46 18 46
46 25 89
46 29 74
46 32 30
46 34 52
46 40 53
46 41 61
46 43 52
46 45 40
46 47 28
47 1 14
47 2 22
47 3 40
47 5 68
47 11 58
47 13 82
47 17 65
47 20 78
47 22 37
47 23 79
47 25 47
47 27 77
47 36 46
47 37 57
47 41 1
47 43 41
48 1 3
48 5 1
48 10 79
48 12 52
48 19 97
48 25 66
48 33 25
48 35 25
48 43 38